483921657967345821251876493548132976729564138136798245372689514814253769695417382
435269781682571493197834562826195347374682915951743628519326874248957136763418259
000100702030950000001002003590000301020000070703000098800200100000085060605009000
094000130000000000000076002080010000032000000000200060000050400000008007006304008
000000000000942080160000029000000008906000001400250000004000000020008090050000700
000007000090001000000045006000020000036009410500000809000000004000018000081500032
052479000060215000900638010410380009700950000020140030000864090000523706000791000
090000000001006000060080070300000010000039000000050002170405028000003000086000057
000005000020004010030080020000008400800600000694312785006000000950003060003000001
500068000000000060042050000000800900001000040903000620700001009004200003080000000
070021004000030000601000002000000060008600703190070845010000208420900000000000000
000000001007050309004800020000000000030005700009420000000003000001000407060278000
000008003016523907030004600000000000905000200020130009003000020070005000000000400
004020030000809000000000700050037008000000005049060010500000000068000000007040901
000006003009040005320000008000010000801750609200000080000060000000800040470000200
000008020000006930098070001000000000009210000700000096240090000000300180000000003
002046000004080005070030009000002000305700000700000400006000093000054078000000000
003000040400200000000090026000070000010902000260000008500007010000060803300000069
000000003005072014000080060000000000946000000030004206000768000000435680070291005
020000000000004800054018030700001004000086050000000600000000100000020009231469785
009043000000000030410070000000000000800500060040006002000000010004098376700600520
040912050000300006008007009000000103317000000400009080070000000000800000190620805
005000080000000931090040000007000000000504008950000020040025000020006100030809004
000000000008901300021067000000000000007010024200300009010009000050000207700608003
000000010006003904040000720000030500850000600300010000000000002720600090080047100
000000003070002000130009006000000070610327005093004008060050000000008509000470000
007020000904650000000403000300000091700906030000000005005000800020080007008001050
080706000467009000000000040004097000701000084090000020000002000029070000178354296
000002000020080040000001050000006010703040060100070903800700009400000006500090400
000000170036000809000900506000400600048000700020070310003540900004013200000007400
107000809000070003000400001090005204600790000000042000070001000010950006050000300
000010000800400000070003510000000967607100432000700185060235870000000050930800600
000329500090057021000018000086004000000006140100090062000000090500060008001040006
059030100000000800000800032020000000900000580360007004090780005000050010002003700
090000000780302000002006400000090000800004709001230000000000900600700204034500001
000000009624059103750000060000000000070030890000065742800002000090006010043008000
000003040708000009034010500059000208000001000307600000090000000000030850860000037
000007002006000000000168057000000300600780000019006074040002001060040200008000090
000600790002000300000000608806009040457362189000004000900006003040010000201043000
007000000000000036420000008004003002700001409002900870000000900290870000001250000
050018000008006304000053800090001000007009003001705900900002001003584260600097400
360010000075000004028060105200009000091000203006200010040000000050008600600050070
027000080006000050008902004500694000694723815070581400060000000000409030030200700
000815476165437892487269153000000569000056214956142738000004001049000005001500907
090070000700020080000801000600005040000000003030004016080059000014008009060100070
480020900002090045000500100010003400093800602000600070050060200000000081009000000
020000000700502000008070405902010008030060079040000300000100000010006002000098700
000604503002300070030150000010700006000800900000462800905200000268943715300500000
060000004001403680000090000002600003090007810340900070003700000007000040054000001
000000008003001050078009300006000000500003007739258641207015000010000700000900006
000000000002004050593172468000000070001000925905001000030020000000000704104680039
090000008000805000007090030030020000000400000020036010014009300300010900005380004
000080000140000000067090014000004985090032147070000632910320008050060000080000023
000050004000009000000080917005000700000872000021400008000008005003641279400590000
010400003003200950000805000000100078000000405007000390309004000006003080250000000
047000008000201590100000000000000006004006700800070005200900100001708060000013070
059002006070000509010000000000160000100000307900037004007000000423006098500000400
000005602000407080004000000049008000030100400006002000050200007900784306000501090
007080645054000800862495371409000007506730900003900000001000080705100203008020000
000530000005000600000190503000004000000000164100370800008000040010000008004700921
031260004400019000000004006000000050060008020000056300010900000028000001003000290
800000000000000350203070000400090003107605080030020076000000064050800000004309000
005009400001806070000003500000001004000400698086030000800000060050000002037000005
500000060408507000326000000903050008600000520100000907200040006700009000805730000
050000900600091000001750000020040300010000090306000004030068200000000400165300000
607000100400900603090000000000500020030000040049300000100405279300002060000010038
013000040600300000005000801009605000080230076030008005000806000050000400000020003
002008000400736125000020908000000000003860000000054083700000009100090460200003050
000000000070205608008900072020000060009006285007000000000042000005300007040007500
040000000300000067500900001856790030192300000734020915015000083200400000400030000
280000100300162000000400000050007000000000003000000980600078031703000004820603000
200405601000002000003070508007209015850000900090000004020100000000000003100800006
140007000000000200700000090000300000090400002030950010000061300053000001002030974
008009003200100006070080200046000000000032000300006040032007500000000061501000020
000800000000620004409003010000000070040130000061000900000060008095000047308000059
040800000300205000009304002026900070000580000530600000090158760000732908005469000
000060010002000450003000009090100000200806000001205090300000600620070004400000170
003000090090305010000900042002008036104600520000000084000090070610000050020000061
003005049009000031650000007010900070006040002007086053000060090000000000090030108
000400070000500020090008000009302010721954386004000090000200030036780001000000709
041805009009070058030000000000002600300060025000500097000006902010040000007000000
000050300018000400000106852000005700800070610706003209002008900000947100000021508
000005000000187600000926570000600000002009005090000863200000000000004090060093781
000010020009845067054032000400000000302501780000780030000200000000058000508000006
000000000005063009008400000000000612002001957500600483090030000000700090630059024
000600000075040030800009040030002058002000091009000000000000000023106080008307400
900003610000000000036005000803050100060004070400020000000070000000012905041539860
009000000301000800587000002000100400040703600000052007700010060050000000000030251
000005000090040218004020090000000007900061504006000000200080300070600809100590000
000002900004000051000001002073904000800070000001003807050000090420030000006058000
400903007300708091000000006080024009000600004640005003950080012107000008000000045
002009000006500010030216009080000000023908600401000000000040070300000000005003208
000000005000079306400000907000721000210658000850493102000000000090037001700510804
090000008673400520081050000010005000020900047000070002000060705000580300700009000
000034927079010368020060415005020000706053209002070001067080102000000850000000000
063000050000800001050006009006090107009100400000072000075000004000240005000000960
000000000000098020000051030000004009050900000208700005001400300064070052005000804
906320010000006250005070000030000007009050100007863000503000060000010000000507000
000000000400000003051004620000000000040500016823716594000000000060023001005009800
300000400010809000780000000000074000000030016023090705007300008000000001058020064
000435002030718004500962081000000805093080000001000030000000043000000100000354900
080003040035094000900608005100000200620080054070006000000000000000000030302500908
070010300080006074053000080560000000794652138010000000630070050040060020020045000
000609700009072050000800090600780400000000070100023080020000000000500061306007500
050607010000209000014800070003000000020500008040378000500000090000082007100400006
000020000000037095000690207000080000200059070307261540000042000008010030009070420
009000000001005628000001500820040000000003000003010456054120060007004002082076900
043020100060000002020610000080031040030000006050000030418900000695273481372148659
070900500000000208000768003000000000500090120021080000300000000050029000460815090
510000043300050000900000080789000000156400829243189765632000000495200300871394256
000800000080530090070900853400300006050100400000740030100485009549273681000691000
000000000400670005002003000000010020006008009700300100615439278247000003938700040
801000002000000500020001470060570100210903000000000005300090008000200360002040000
000700000705200090012604000000300087000500100020140005047860309100905000900400001
056000004040001062000800001700090058000008003000050209000000006569183427087400005
000070030800005070000830920700000400400600000020009700130060800040000500087003200
420000016170003000058400007000000000090510000060000100235060849000000671710004523
180000040030406000002070000000050000073000205028300006000000400000009050000204973
000000400053000000000701080000072168000360005020000934000004007580200001902007000
070000000600502000000874010050100000007203050009000024020060070300010008010000030
540908600070000000000060400061000058000000002408023000000080000005602000800105060
901705030007406081060000009430000800002014000000200000015000740003800000000000390
001000000009000307048130600083000406024070000107003080015008000002000005036409000
040008000205000070080020000009300007003600051001040603000900000000000920002730006
000000078706002030003000142900080064000026090400590080600007050050000820000004010
000000058000700000800092300000000000030260007010839200009070005001053020004000900
000000000000070004000946578000000406007500000684100000002050600009008001076000040
070000540140000000000015008004007003000004015002601000000090300007000020609570080
140000008806005000700000005300100500900000610461597283500980000200006000604000091
652000007973250010148090002000760000210000000080045000000079000420000300000500080
020658004060149020001273000092010800700800000080060010800005200000000400034001000
243715080851964030796238514900050000365497821400020050600000005100540003504102000
000010004000024368700000001000560143003148972000073685096000007000090016230080459
256000001987000000341007060503000000469023000108090350794800000815362070632740000
100000000400073001000000456000090000000487600040002005300000500061009040090500080
000000001286004000300090520000000800048300007900080260060100070000000405009400000
000000000021079004000003821000000000600450003030008500000000206000100430046002179
000006080950000600020750400000080000000020356090305000100004000080030000032600008
000000000000000850073500000000002060002070091008904507000000004067050200200096070
009300000002456930003209506000000004000800670300000850060100000400025008080703000
098000674000000158054600239009847526060000007040006013000000005000500702080070341
000009005304000000000100930260000000000000009108006743500008300007010092000040560
000003000000700040700010030000081790900420100007006000003000210008000400510008009
290040086386200005540000002473508069815060004962070058154007003720000001630150007
002030000010000000608017902070000000006704200023000040000000700907000064000908100
000000000007800356080603029000000000050002000000300587009000060001000703060054002
000000038004000000062340000598000006617005040243006005006804700085003200000070000
060003000000510000400080003030000950008060007000750001001000300050800010002000574
000050000005004020070000031010000000000409200000230604000000002132645789049001365
800000000047000009900000001000001800050094762000607310004106000000700403005003006
000000000003500008128009300000000000601000900094005683000000009007098200400360000
000000000900012080060008004000000000100009076600520308000040007570200000306871059
000100000000050960000300147006500002519000000000070010030026000900814050080000000
000000806070000000000000532009008000005900300030040090000876025020193080600524000
000002000030010204804605090006000000007100508000304900001000000000050000050040871
010000000030000070000090206000020007067010042000605900080000060104800000600203004
000000080070000060040063057900000040000000100001580000400370005150006000090801600
000000900010003502009020017061000000000350040007600005600715000005438120000269000
801000030007002050005040280002000000963001000408070003006500000004090000009603025
087020016050000798000090025065000172000600954090002683000000047003008061500010039
001000000000300190005290064000004000000530480700000009030400006008726005007910008
523681090800740006000320001980100000070450028000000300047000000000060000600800000
568000000170800090920070100000000000600010802480302000007004003000000709301900000
010000004000000060305010070080900013000085096900100045056000020400001000003007480
403001009080002007007800000000000000395007401008100032050008000006000000832794010
000008090804100300502060000000000000000381050000005078700000000680907400905016000
007000000300010400086500023000003008070080040000001076000095000001006050000030760
040017068000008594080059000007003080304006000000100000050800703000000000800032009
000003400070090000500120078000000006059000010000302950060000000041200060003905000
000090008100000070000067200006700001400300020270006000005002103040008000060030005
080000006007300814103006027000000008030000051004000203090730005000000002700801609
000600000010000807608010000000780625000050413000034978100090502005300700007500130
023004000000000000009830040000700081500080400080006000000200010150000009092300508
000002000010000700627040000000009000000000801734218695000100006002000049503024100
000000000704005060086200003000000007000030906060010030000001000000843009893726415
000000000065400000700506010009000100540070090087000503000000020204010300806700900
000009000000000100602080390700010000046070001100056030000000500390200800074100000
070060200040005103253187649000050706001079002000000010300010807800030000000006000
000100000070008020130005900017000004000700600362000007020040000090001800000960005
000000000002003605073060200010039750000607940000400800100008500000000000804092070
080057000000000060020300704160000000040000080750904610690500000030000040005038006
000000000000002650100865027000000000900658000860003009000007000748326591500009200
000000000400501009980706010000000000094008000003000185000003000000907200308154900
008029301000830007090015000000040006605000020240070010000007000000260008801000600
600100000013702000200040080076030005000009000300010008002400000901070300040000009
900008004000010260036000000500940600070200000000000052098001006000804710000050000
000000010008000005000000894020060000500490007000071300050009000892005000730040020
000003006796004820030007000000086000172009000003702000000475000500691002061238507
003600000200000000090000000050003009900400057487965132001000020700300005540002001
009007060000009800020000400003000000960104000080200005000040902001900046200300070
000000000802000003015309000300000000020080607976500000603000100000800204040000506
000000060000084500005000400100070000027000006094000002540009010079005200030400070
320060010000100000001000872102009008900070000700000300800000004406001000275634981
000000024520000900004000570040700060010090040000003007000900000360020008080010705
007000000405060000010009035700000000003620019104900300000007400000010002008452000
800500000450003001000040000003610079000002500080700610610400090030020000009006000
007000000080700051000820004000000000730500602012400089100035008008900000003040100
000000000000801000180927060000000073263000100050090000000000002807050630340700009
200900100006004500700052046000600003830001065000000070004078000501400000080000000
308000000000000092129467385040900000090031724003720060000010048600000030000000006
000850947049130685050400213800000062036700091002600074060001028100200056000500039
001200008080510040000003050000000003405700001003000520000070000010002070907800430
003518006406932000001674000002000030004007025007050409005100000608009051039005004
000300000800020540951764080002006050000002009100007020010000006030008000006000498
007020000300514007050000002000000000700038059695001000021000000400005080070000403
030000000000009460007135020000001006086372040000008000865003714029010685004500392
000000012000690038000000659080010375007006291009003864000300146000001987900064523
638025010529000003147003500215009000974300000386010040060004000450790800092600000
010000842900000513050120796400008365006900178070300924000480057005030480000005030
002000010408010006070000040000900407746000000009000080500302000804000000600489570
000408102080090000450032700000007000007001280030009400700000600590000870000000904
000020000002005093154938726080000000409000602005000000500000134040003967700004285
000000000000070309038009650020500090050002006800710020010000000000100730704650000
000030008001600050608905100100000000320070006070068000000000200000406900000017560
020054300098000007004090006609020008003800000200903005000035000000270000000400002
000000000000207001067093204000000008004750090085010400001004900830000000000085310
000000600800901003001230000006000000039000500257319846000062000024508360008000005
001000025000000000940300870003026580020005004000030010309700640400090050000060093
000000030076400000030029700002000000751960048803017000527601003684000005319800002
000430600090000000007010093000300000050021900021600005800000209006000080002040056
000039002017080000000607500004000000800000050005890100002000049040023800301004000
040000008000006000207840603738100260000700030009030000050000000000300125300021000
007000000000080560508067000000003080070920000020746005009000046040001000002600100
060005008000040000830007900002001000900030070600502001006003000080200103050009406
000605000000729103000801000581296347732458961000317528008002000050004030070583004
020000010030000702150907000000004200040300050382759164060001020800000001005006008
004001000020076004007090002000000200010360000000004501030100000102903007000007305
207800400600000007040000080050009032000000900030280000004005600000400570300601009
500040000000800200002005840009600400000050000000124950008060000195407020063009000
000000001005600420000150063030000000408072000096800000004200007001060005679400000
003006002500021700801030000000000000000005920605080347000090000007003500040567001
100020980600080010025040367006492000009815630008763090000070003000054100000238009
000000000407380000000052040000074500000530280060090070008400701703000006006000090
001000000003970085090008023000007000932000070004090810005080000760000400000400060
078000090010070500005903100000100000290000301000402009709000006000020050050006002
000000000962004108543000000000000006080009053705080900007003480054002000000048000
009000040200030170800000002000000006002053008306091700000140000600085300001000007
000000001020160307000038604009003008100049203062700409000000102004800005070000046
003000000900000300485003700200001000064800000300027080000010070000704600800256930
250001000000008060003000401004806090009040800010029040905307000060050007000000000
090000080300500001280400000510060000004000009962300700100870200000904850000003000
002019030800000010001800009000001476004000381000670295000000500900020048400008900
058403000040000050000008000000006009900540300407020500070600001000002040501080090
000009000007086000600304000241937568000418032003625100169743285382561497754892613
000000000007080005000000893000001050000300906406005087000070000020008500704039608
740005000501040906090000000000000100000402680008700042002000003000620700980003000
900001080060038100010600000090006802002000003030070060750000000009017034000080000
008000012000019005900400806042037000091500007000000000080000700000398020106000000
000040003000900080004300019600009007008100000003700150040000000106003500705000230
005000000034000010816035000070080000000903240200000050000000081000001003300006592
000000000001006008730000001000020003300905027072040800020000000080100390047092000
000000009000704600904001502003000800806000020000160900000050000000809000030076198
001000207300705410000000030000007000000000902020406381009000000010004803000108040
260010008010003020004020050000904070030000000098000201000000000000406017040100305
001020005945001000000009000074000201000500000200040060090000640007060300020930010
000009000000050840408062105004010080086000700000600000030076010760530090000820000
000000000000009032052047006000000000009020060063078025070483000394712658821596743
000000200003005140000900006000201004000093020500408000654002819009000370300800000
018040000502007008000000240000000000000109380036000500000401000074506000000092710
008042600000060000040807500060000001000050270070000800087609005093200000400000009
610000000000809000000050000000900700003000016400100035030010002025008001040276503
000600000400080007700000026000000000070046030801070054008005100050000083100003570
000000000354600000690000504000040000586291743040850109000000000009070006401520390
010008004400001806000304000106705309302006050000002000000017000509203100000409060
001000002300005490050200080000490010000500004000631708000800265594326871000000000
000082060827000000001004000300090710010500630900000080203000450000203000080070000
200000675057000148040000239000910000000500006003007010470068090009000800060100007
003058000170000000002007090009000000000035940300009102020000050940002063800016000
028401000040006980005089000001002300080000600000030090000000001000003070060708409
030807000068010009510002800000000050200000060095003000001079082000006003020001400
000000000100408007000670000009000703050090008000043000896031004345080009271000380
000000000013009020280076001000000000007090530060783002000000100000000003751632849
000050000050000746000600085020106050007400108008000020900000004010700800700830000
000700000000060500087301040093010700060000021800500304070400608000000000900050070
405901087070600004600000030240000010050004000063000002000807043000000900300009806
030615000907283001000794000000000500003006100600051807205360000300008000004000090
080136054300597080070842006050704000003000040020000000000085030000401000618973425
031200008005001600800003000000030091000007284700000000100000400004600902002000016
200170000007080004600000000000000000046000397030407001000300000061708029000020106
006000002270039060905000307060000000000105000000092051300908000000400800100027000
913472568600900702470000000000000000061008000800205016000000001506804020000650000
007000000143682579000030800000000000005000690216040350000000000500810463801000920
203498000000561309006237000000180703050040000100000400607010000001300006005006080
000290768000000145100004239000010006500970000801430000010000800094000601200000070
000000000090174000471800009000000000000207000050090237006003040005020000130500670
007600000000007020001380500000030000080004105005200740000400000604800350010003009
000000005025008700001000040000003000076904008382576914010000000007060803630700090
000260004000370002672451938080124003000685001001793005100836407000900306008500009
000173500012845000700269000001000002020000059007520600006700000089000200003080040
000053002039000007801007900100708260008501000000620000400000000973100000000000080
001003000000100832080000000010005200075906080060008000720304009000000058050090300
000600000200100060009820000008000715006000482500000693100904007070061000904050000
030000080000010200000506900090040065300005019000063002900002107070000000061000008
000100005090007000021059000100000007983700560472065013200030000000000400000581200
106700000002000970004230608003009700009000040708020109805000000241307000037000000
007000009009500800200000300001002703000750001503004086100000000005070100000380092
090200000000014000400000862000000000961742538020800090340000005000031700000480009
000000000072010006580000900100790060000006008400000700259030000003800500040900073
000600170003000000000002083049001000800700400000094300005000200600057040080260700
004002000100068750700900001007003080000010300413689572000000000001000600500701200
000000000302540000050301070000000004409006005023154790000000050700810000080060009
500400070600090520003025400000000067000014800800600000005200000300007000790350000
000000000047056000908400061000070090409000100000009080000000007000284600302690005
000800000000530041600412005900300160040600002005200000000163200000725089070984006
095060000074000006063075942041200000086000200527381694712438569639517428458000173
009070360301000000042000008003006400004800002006003100005080207208760900007300856
000102900103097000009000070034069800000004500500021030000400000950000000000015307
800000090075209080040500160003080600000300070280005000000004000010027030060900020
000002618401006257682157943007000000065040009004000560000001000008000006910080070
006029000400006002090000600200005104000000080850010263000092040510000000000400800
000000000010720000795314826000000000006000900041906030050001000123497685000580009
005100026230009000000000000000900800590083000006500107060000001004000008853001600
680400000000710009013000000800000300000804090462009000000900037020007108000000026
000900007020037061300810002000078009007300020100040000000000050005000003010052078
000000060000130907900200031002000000004501703010006004046000020000010000200605008
000000436000002891080030527090000742247391685856427913000000300030005170719000204
814050000362010005579206400006005070005090600907000000703001008258374900601000000
000001086076300502000009300007000060900000800054000207008035900030900000000407000
307009000000003060006400001873100094025040803060300002000000006000200900580000047
021000050000000708000400020000600035060000000083020600059002086030001000006904200
050004000724185639001003405200006000600451800410802006000008094000207000080009002
090000030020490800006000040508000004000000003000620508900007281005280069200900075
000052080000007654400090003950070000000900700040300005000000536190000000006020010
000957306705613800000284700100005900000809200900021450004108500002006180000032607
200000000006000530040860207070000000000600003502070000004100000000296040620080701
000003000306700084500090200000000000000602013005100029004000000052000006091064500
000000010005902040091068070004800003800000450003040060060000007300690000002007100
000000003600000000000903800000009300000245086501006092700001000080074009016802040
000000030000100600001642000400700000093401020000000100007000284150000300804037000
000700090000006500000913060006005000030079000579841020002000100060004209405100000
000006049003070000000500100017000600302050000054000008700000080065020407000400506
070408200000000003403000050007060030600000501059000070004081000000000760390050008
002000000930002006050869020000000905000080040000347000004750030013000000600100004
000000000002608900064300052000000065201705030070030000000007000000086090700010028
000001000908050600200080040009800400020740983000000000001070090000000060564918237
204800000008705000013642009007000000026000030300026040009008450870000016000060200
400001000050000010100902008060010000900000056027500009008000900500700080002804060
020003900000001270100002680000005430374169528000004190002018700037056800006207350
002000000000705000450000000508000090046100000003209006000001063804030007005470800
300700009052000000070902400000006148000010000020080760000000300800500000503024080
040876020000090500900040000000060240000009800000401050810000000470000012200300600
050000096006740310200080040010300024000800070000004100002600000060009081500008000
020004000403108090900002000009006000002571409100809506000087065000005300006203800
000000004008030019342916875009000006080004000650002080100000050005021008000040300
030900000250708030607000000000003080000000070070285300001000005003004006005019700
000000000203041080060008400002000073000375908000000104000000005508600000324859716
001000000005017000020800050800700020007003090000090607042009830000000200018205000
000000090000042001901000300008010000004008000130200080800400600023500010000300958
000900000701203008000008700009020010010000470420080003000000600063001000542030000
070000003100000029008050700000090400000510000907806000765283000000040000419675382
000030060000000005690000700049001000007080001000400502065100900700090206080700004
000006000050083009000725160002819070004357001001264008000000000408031000015000007
080176090106495000974823516600700000400500078000000005000908000040002000005017089
000010028000004000203985070000008307009060000300000980004009006092007010000040200
000000009000018060030750000004000000072140000300002470000000005008200096906085020
000000008800200500050900007008054900100000080042800003007400000439718265600020000
000000007600000003070160000002001000807030920040006080796000040531840009428009300
983000000010020000000050000020900300090015420100046800000000601002400008040500003
008000000072051098009007206003000100054000020097200504985300702006080000401000005
000000000008590720020030809700000000230080507005000104000007008050601000900850000
000090060000750180670000000500300200003014000402000300000008009000000710300147025
000390800095000001004001000000070380050000009000980106608000000070000200040200638
000000010043600200800010900070030004381700000054000800000800000000240350000060401
000000000070405080000020609000000000803700020426983517000000000500108040710054090
500008030008000400310050000006040009000001006000600700030205000900060203480090005
070000000006001790000908030004000000130060000200030054000004000800016973010090402
050000097730802000000900030307090100040000600065001000613000000594720001872016050
000000000005007810000508073000000001090003040070219050001000000800390560059004002
002000814048200573030004926300006008000003000094805700020030007000708000800000300
003000000000000384085100009000000067800090000001400000009670040360040900400009710
081000065005900200400060100007000000036007000040000520000009000600002051000078402
005040062000030079370210080000001030031028056200000040004070010000080690500690020
009070060040052000000046092060500087003009004080400005005000006670000000000007300
070200496002000175000900382000090804458312769090080520080000200040006900123000640
060000490000050070300901080000002050000310000400090360002480006800105200100070800
000682000000500000010790600002400500009260040400000061003000000090300056608170004
500090004007000000902007000000009000300706100204100009030002700009084010000000348
004000000300000500009405003030000000005600800986254137600009700200000905000820060
008003017002600008906000030000050003200000546060002800000030100005090000100004005
004000070000000005087400069500006900020000016900301200800500000009074030700000008
000040070029506340014000000008000009100000000000702010000003826090600050300800490
000000000084000053100030820000000009600000300835190007001005000060800005900060412
301007004507006000846003000219078500654109800738004000485902710103085000902001000
081030000309200000652800000064000701093050002008000005000080000000002040827614359
003800004800500000005003080000000800650702040780001900006940010000000007310206000
000094600002860009000003048009000001001307000074000500800000420093480000000070000
100820600000004000502090070000900006600500490009000081000400007090730000735612948
000008009000300148040000062007010005005067004080005001601000023002000006354682917
000000960007031854000089021050000000072803000063024005000000008310000500000318000
020000050000000603060100700007000089090500000840070305000904070014000000572803090
080004000200008004007290000000300502090500060002006803000100000063005070700000940
050007000010000080800000654040200005201060048500040300000000000000308060300490002
500006004006200080408050000080300000200000009004000010000002400659080700000067508
260000003050109062000000500040006000600080300870300200000000000009060405000504079
000000000000875200708600000005000000804000020637050400000001000140308005003090014
000000070000001008070080006200609030100003085003000200920030050301200900005004000
400005000032400890070280000006000200340900000000007004000000009213049080090600030
004037000009050040506004003008000007003040680605000000467082009982005030351000708
000070030007030210000000000600000000500290000389000570020600940060049003040003008
600300004005000000200047000000900006900010005070200930000001050500420000017605200
205000004000460020080015039050007000706321000002800090009002300020000000001070400
000009000000800906061000030000007000004000370009041502000020007300000105800510420
348000002000060083060000100090080000683100070201000000900004300000000008000031209
005060000090504800073008004000000000000106050507003901009000000402000019030000702
000000000400068035000000240005001004000080000904003601750304006009010000061700000
050000000070000806362010070023000040594732618086400030035080000010004000040021085
000006503000930108000070962060400307003000854450007609034000295190040736600000481
000000000000029640290000503000000050083017009570204801000001000700042300000060705
000080000000504200549072860063010005081000600000000040000030020054700000802000506
000000010200010307010873905031000058000000600760001000090000000380060104000002080
060002070000000500030071092092065087010004009700900000801000000004090010000000045
000008006006105708000000000000200000007980230020300071001000500703000860052070009
000000800018200600704003000001058006000700001070020080005000360306504020000030400
360020709900300210004000030506000008009208000000500400050000000490005380000070002
001605040005470020437219865108000050000000078060000230000002786000807413006341592
090030200004007130000400070000005000040796380060100702851324967006000000030000000
000980010700030600090100002000002000000790206902000308100000000807460000050000763
086009000105080200004130700000000000060004038000392005000050002000000060010920804
000000000020003040005708036000000000002830000074265080001000005580002104000300870
000003020000400006074506003058000030100800700020000040000700001500640200081005600
500020000000374000074000090000008001002730040008250376060010000000003080703000109
000083000583120600401059000000006000040000900602000380300070810009060000810000007
000000300204830000083001004076000120000009030905000000000075000000600418600408070
000000900201060700007200065060008090002300040003004802010002000006030050009740000
003040000000070006000128000021080030070000040300007001010602804200090010008000360
000000000010900008800003020200009615090061872060720493074000506900000001000407009
007013040204090017000040000920000704000930005001000003000070900000300000030405601
480090300307002006000000080030006002800250000065037000000000430500078000090400005
000008000060031000207096000042009351000003482010002976009004000020007030038625190
000900000002004056031000000005000109010250360004000020000700002100002600026093005
700060000080041000002900041000000010000039287027000300003000090095103026000005070
358471629427963158691285347569738214142596783873124596915647832734852961286319475
900500008300040920068003050000960010000007034007430692700309000000000080050100000
700006003000010000000090400300025790000160000040037050062000537108000600000000019
000002000000001006082465700000007000009004200073159060097526000046718902021943007
000000000005002803060009054000000000493567218020091047000000071030000400072104006
018040060003006091004003002006580000080010023045000000000000006000000130000300289
000000000000700023130009400000043000040800192580900000008002000400100206010070038
000013207014002803000005000000030000569070000023500108006000001000000705290007000
018500002000230004030001059000009010045000096093010200084000005006004000000000070
000000000004260000906057004050000000000080029080900056001008090008500340700603081
200060000070900050809005706000000039003008002040000500000070000090286010106503000
000000000106050300537918624000009000051230700069080000000000080010000003280003160
001200700003600018700000200000050020420108000005002100000004005649001800030900000
500070000063000090700302504076020001001600008050100009040000020000903000007010080
800010405000000060063000700700000000050072039000800000680300904010004380047900006
004000000069523008350100007000050200490208760001006000030000000000095000007800359
060000000307000008180062040003008002000405180000720400010500000708001000200006700
400000000009301000385064007040000000000000368600700200060570000800409006094100000
000070098000600050006000104020000001304906020001027080000000009150300000940005800
001002009074000000932700406800000603000060904300009050000023040700500000000100300
000170430003009001000200005000000000700023004036054700805300000002500000314792658
006700024400005907070010605300006800041000000000002000020001490000000006000049702
000000004207060190600093070000001000002080709100906850806000407000000080700050020
000070500200004063006002080090085000500260007021040000005009004000000630000030970
080010000000007208300040160000700300409300850600000000903002084000930500050070000
000020907000400080006003050000000000090060040000249518000014070081072004060030090
108000500027900000900701800804309000002040103000020009000004300000200950400008000
000560000000070310080031006000000000960080457005000032100000040030017065006304100
000800001000027096007500830040300000300050007095608000001902008004000300000006010
009080000000100000680007019020004007150030040460790000070060003000002090096300020
000000710000009020060571009500000800073800000040306207154020900007000100000045000
010248030000050607000671020300500001001000040060002050000007000027000090605190002
080000000002654010405000000000008041008000020170000860000009000050340089200001604
081094000250000000000070000724010030835000090196380007000008400510000009008100025
003000006120708004504001070008900500040306700300000002000800400001005800000010090
010080000690004002000006500156739248247618050839000761062540000400000100000000020
607080001000000700090000305020010800005000007800006400010930004900005000002801509
000000600960000000084050100003009004249017800850040020506028000020700000400005070
090005006800100900000000000084000000520016000603908005000030500300050800750002140
000007000003056020970010640000000002007020930020000160000000000061500490009640070
400000501005064000009000000000050100001009705050100924004503807000007602200090403
000900004000070800280000103670000000030000201021090060090500000800234007000710080
000004000005007600108500270000006000300000082509048100050000010801090720600070000
097001600604070030530080004010060072000003000008700301000020000040096080070000900
000008006050300018007106002000000934913000625065030187030080001001500809500000043
000000070068000200057902003800010000000800010004000002070204000083090500500130790
000000400050030900004100852206800503508060210031020600000000105000002308000501724
040002300800010000009605020000000000074003060901427000000000100090000230005230074
000080060800007003940250000000020000600391000028670300000000000310040096409008021
060000050902000061300006402400060000030052090500403000089000040000007200000820010
000000000054090067001020048000600000730000004580000030060907000040860079008040003
073090000000480070804000203900300800000050000316900000000005107060700000500019008
050060020040000700000002081060040800000006040004098030086000300000000270097083600
054216800980030600601978040010040000000890700500620008000050060090080073470060000
090004025036000917000000004300000000200670408004500002940150000000700009178090000
003000000008007100560090002005324600000070000320680570030002007002000000670813050
050000000218456973009208460000000000092300580000085600005004009020000040040009706
004609100960050027100402006300000092000003040475000003890006200000000000000907300
080060000002000180070003000000001200043000010051076438020000000038000720416729853
000000500004301060690854203000030450900008702000209006000000000200983000089070000
000000000760045000925138746010000050086001073009002000008000060090080507000020038
000008900603049010000500600004000009230000001050002060007000000302051000508960203
307600002265001804090000570000003049953460008020000005002000000580036000009500000
009005000007060430406008205002000000008074900601800000003500000060001020100327090
010007000000590230050800000006000000200900300590702080184675923000200640029040005
000000002540090183000010764000003009604000201290000038000004016010069327706000045
000000760000008005400260000010050004700080530300006100000001000087000003642935871
000000004000005079090020531000079000060508002070000350000001000015092807200807015
250007001000004050010020367000600000000081030080040706620100070009400008800006003
